question_id,agent_index,agent_role,choice_A_prob,choice_B_prob,choice_C_prob,variance,entropy,gini,uniform_kl
0,1,You are an excellent judge with strong critical thinking skills,0.4,0.3,0.3,0.0022222222222222235,1.570950594454669,0.06666666666666672,0.01401190626648767
0,2,You are a knowledgeable and caring doctor,0.6,0.3,0.1,0.04222222222222222,1.295461844238322,0.3333333333333333,0.28950065648283463
0,3,You are a practical engineer,0.5,0.3,0.2,0.015555555555555553,1.4854752972273346,0.20000000000000004,0.0994872034938219
0,4,You are a talented summarizer with excellent synthesis abilities,0.6,0.3,0.1,0.04222222222222222,1.295461844238322,0.3333333333333333,0.28950065648283463
1,1,You are an excellent judge with strong critical thinking skills,0.5,0.3,0.2,0.015555555555555553,1.4854752972273346,0.20000000000000004,0.0994872034938219
1,2,You are a knowledgeable and caring doctor,0.6,0.3,0.1,0.04222222222222222,1.295461844238322,0.3333333333333333,0.28950065648283463
1,3,You are a practical engineer,0.7,0.2,0.1,0.06888888888888887,1.1567796494470395,0.4000000000000001,0.4281828512741171
1,4,You are a talented summarizer with excellent synthesis abilities,0.7,0.2,0.1,0.06888888888888887,1.1567796494470395,0.4000000000000001,0.4281828512741171
3,1,You are an excellent judge with strong critical thinking skills,0.3,0.3,0.3,0.0,1.584962500721156,0.0,3.2034265038149176e-16
3,2,You are a knowledgeable and caring doctor,0.3,0.3,0.4,0.002222222222222224,1.570950594454669,0.06666666666666672,0.01401190626648767
3,3,You are a practical engineer,0.3,0.3,0.4,0.002222222222222224,1.570950594454669,0.06666666666666672,0.01401190626648767
3,4,You are a talented summarizer with excellent synthesis abilities,0.3,0.3,0.4,0.002222222222222224,1.570950594454669,0.06666666666666672,0.01401190626648767
4,1,You are an excellent judge with strong critical thinking skills,0.4,0.4,0.2,0.00888888888888889,1.5219280948873626,0.1333333333333333,0.06303440583379405
4,2,You are a knowledgeable and caring doctor,0.3,0.3,0.3,0.0,1.584962500721156,0.0,3.2034265038149176e-16
4,3,You are a practical engineer,0.3,0.3,0.3,0.0,1.584962500721156,0.0,3.2034265038149176e-16
4,4,You are a talented summarizer with excellent synthesis abilities,0.3,0.3,0.4,0.002222222222222224,1.570950594454669,0.06666666666666672,0.01401190626648767
5,1,You are an excellent judge with strong critical thinking skills,0.4,0.3,0.3,0.0022222222222222235,1.570950594454669,0.06666666666666672,0.01401190626648767
5,2,You are a knowledgeable and caring doctor,0.4,0.3,0.3,0.0022222222222222235,1.570950594454669,0.06666666666666672,0.01401190626648767
5,3,You are a practical engineer,0.4,0.3,0.3,0.0022222222222222235,1.570950594454669,0.06666666666666672,0.01401190626648767
5,4,You are a talented summarizer with excellent synthesis abilities,0.4,0.3,0.3,0.0022222222222222235,1.570950594454669,0.06666666666666672,0.01401190626648767
7,1,You are an excellent judge with strong critical thinking skills,0.4,0.3,0.3,0.0022222222222222235,1.570950594454669,0.06666666666666672,0.01401190626648767
7,2,You are a knowledgeable and caring doctor,0.5,0.3,0.2,0.015555555555555553,1.4854752972273346,0.20000000000000004,0.0994872034938219
7,3,You are a practical engineer,0.5,0.3,0.2,0.015555555555555553,1.4854752972273346,0.20000000000000004,0.0994872034938219
7,4,You are a talented summarizer with excellent synthesis abilities,0.7,0.2,0.1,0.06888888888888887,1.1567796494470395,0.4000000000000001,0.4281828512741171
8,1,You are an excellent judge with strong critical thinking skills,0.4,0.4,0.2,0.00888888888888889,1.5219280948873626,0.1333333333333333,0.06303440583379405
8,2,You are a knowledgeable and caring doctor,0.3,0.3,0.3,0.0,1.584962500721156,0.0,3.2034265038149176e-16
8,3,You are a practical engineer,0.3,0.3,0.3,0.0,1.584962500721156,0.0,3.2034265038149176e-16
8,4,You are a talented summarizer with excellent synthesis abilities,0.3,0.3,0.3,0.0,1.584962500721156,0.0,3.2034265038149176e-16
9,1,You are an excellent judge with strong critical thinking skills,0.3,0.3,0.4,0.002222222222222224,1.570950594454669,0.06666666666666672,0.01401190626648767
9,2,You are a knowledgeable and caring doctor,0.3,0.3,0.4,0.002222222222222224,1.570950594454669,0.06666666666666672,0.01401190626648767
9,3,You are a practical engineer,0.3,0.3,0.4,0.002222222222222224,1.570950594454669,0.06666666666666672,0.01401190626648767
9,4,You are a talented summarizer with excellent synthesis abilities,0.3,0.3,0.4,0.002222222222222224,1.570950594454669,0.06666666666666672,0.01401190626648767
10,1,You are an excellent judge with strong critical thinking skills,0.3,0.3,0.3,0.0,1.584962500721156,0.0,3.2034265038149176e-16
10,2,You are a knowledgeable and caring doctor,0.3,0.3,0.4,0.002222222222222224,1.570950594454669,0.06666666666666672,0.01401190626648767
10,3,You are a practical engineer,0.3,0.3,0.4,0.002222222222222224,1.570950594454669,0.06666666666666672,0.01401190626648767
10,4,You are a talented summarizer with excellent synthesis abilities,0.3,0.3,0.4,0.002222222222222224,1.570950594454669,0.06666666666666672,0.01401190626648767
11,1,You are an excellent judge with strong critical thinking skills,0.3,0.3,0.3,0.0,1.584962500721156,0.0,3.2034265038149176e-16
11,2,You are a knowledgeable and caring doctor,0.3,0.3,0.4,0.002222222222222224,1.570950594454669,0.06666666666666672,0.01401190626648767
11,3,You are a practical engineer,0.3,0.3,0.4,0.002222222222222224,1.570950594454669,0.06666666666666672,0.01401190626648767
11,4,You are a talented summarizer with excellent synthesis abilities,0.2,0.2,0.6,0.035555555555555556,1.370950594454669,0.2666666666666666,0.21401190626648764
12,1,You are an excellent judge with strong critical thinking skills,0.3,0.3,0.3,0.0,1.584962500721156,0.0,3.2034265038149176e-16
12,2,You are a knowledgeable and caring doctor,0.3,0.3,0.4,0.002222222222222224,1.570950594454669,0.06666666666666672,0.01401190626648767
12,3,You are a practical engineer,0.3,0.3,0.4,0.002222222222222224,1.570950594454669,0.06666666666666672,0.01401190626648767
12,4,You are a talented summarizer with excellent synthesis abilities,0.3,0.3,0.4,0.002222222222222224,1.570950594454669,0.06666666666666672,0.01401190626648767
13,1,You are an excellent judge with strong critical thinking skills,0.3,0.4,0.3,0.0022222222222222235,1.570950594454669,0.06666666666666672,0.01401190626648767
13,2,You are a knowledgeable and caring doctor,0.3,0.4,0.3,0.0022222222222222235,1.570950594454669,0.06666666666666672,0.01401190626648767
13,3,You are a practical engineer,0.3,0.4,0.3,0.0022222222222222235,1.570950594454669,0.06666666666666672,0.01401190626648767
13,4,You are a talented summarizer with excellent synthesis abilities,0.2,0.6,0.2,0.03555555555555555,1.370950594454669,0.2666666666666666,0.2140119062664876
14,1,You are an excellent judge with strong critical thinking skills,0.3,0.4,0.3,0.0022222222222222235,1.570950594454669,0.06666666666666672,0.01401190626648767
14,2,You are a knowledgeable and caring doctor,0.3,0.5,0.2,0.015555555555555553,1.4854752972273346,0.20000000000000004,0.0994872034938219
14,3,You are a practical engineer,0.3,0.5,0.2,0.015555555555555553,1.4854752972273346,0.20000000000000004,0.0994872034938219
14,4,You are a talented summarizer with excellent synthesis abilities,0.3,0.5,0.2,0.015555555555555553,1.4854752972273346,0.20000000000000004,0.0994872034938219
15,1,You are an excellent judge with strong critical thinking skills,0.4,0.3,0.3,0.0022222222222222235,1.570950594454669,0.06666666666666672,0.01401190626648767
15,2,You are a knowledgeable and caring doctor,0.4,0.3,0.3,0.0022222222222222235,1.570950594454669,0.06666666666666672,0.01401190626648767
15,3,You are a practical engineer,0.4,0.3,0.3,0.0022222222222222235,1.570950594454669,0.06666666666666672,0.01401190626648767
15,4,You are a talented summarizer with excellent synthesis abilities,0.4,0.3,0.3,0.0022222222222222235,1.570950594454669,0.06666666666666672,0.01401190626648767
16,1,You are an excellent judge with strong critical thinking skills,0.3,0.3,0.3,0.0,1.584962500721156,0.0,3.2034265038149176e-16
16,2,You are a knowledgeable and caring doctor,0.3,0.3,0.4,0.002222222222222224,1.570950594454669,0.06666666666666672,0.01401190626648767
16,3,You are a practical engineer,0.3,0.2,0.5,0.015555555555555553,1.4854752972273346,0.20000000000000004,0.0994872034938219
16,4,You are a talented summarizer with excellent synthesis abilities,0.2,0.2,0.6,0.035555555555555556,1.370950594454669,0.2666666666666666,0.21401190626648764
18,1,You are an excellent judge with strong critical thinking skills,0.4,0.3,0.3,0.0022222222222222235,1.570950594454669,0.06666666666666672,0.01401190626648767
18,2,You are a knowledgeable and caring doctor,0.4,0.3,0.3,0.0022222222222222235,1.570950594454669,0.06666666666666672,0.01401190626648767
18,3,You are a practical engineer,0.5,0.3,0.2,0.015555555555555553,1.4854752972273346,0.20000000000000004,0.0994872034938219
18,4,You are a talented summarizer with excellent synthesis abilities,0.6,0.2,0.2,0.03555555555555555,1.370950594454669,0.2666666666666666,0.2140119062664876
19,1,You are an excellent judge with strong critical thinking skills,0.3,0.4,0.3,0.0022222222222222235,1.570950594454669,0.06666666666666672,0.01401190626648767
19,2,You are a knowledgeable and caring doctor,0.3,0.4,0.3,0.0022222222222222235,1.570950594454669,0.06666666666666672,0.01401190626648767
19,3,You are a practical engineer,0.3,0.4,0.3,0.0022222222222222235,1.570950594454669,0.06666666666666672,0.01401190626648767
19,4,You are a talented summarizer with excellent synthesis abilities,0.2,0.5,0.3,0.015555555555555557,1.4854752972273346,0.20000000000000004,0.0994872034938219
21,1,You are an excellent judge with strong critical thinking skills,0.4,0.4,0.2,0.00888888888888889,1.5219280948873626,0.1333333333333333,0.06303440583379405
21,2,You are a knowledgeable and caring doctor,0.4,0.4,0.2,0.00888888888888889,1.5219280948873626,0.1333333333333333,0.06303440583379405
21,3,You are a practical engineer,0.4,0.4,0.2,0.00888888888888889,1.5219280948873626,0.1333333333333333,0.06303440583379405
21,4,You are a talented summarizer with excellent synthesis abilities,0.4,0.4,0.2,0.00888888888888889,1.5219280948873626,0.1333333333333333,0.06303440583379405
23,1,You are an excellent judge with strong critical thinking skills,0.4,0.3,0.3,0.0022222222222222235,1.570950594454669,0.06666666666666672,0.01401190626648767
23,2,You are a knowledgeable and caring doctor,0.5,0.3,0.2,0.015555555555555553,1.4854752972273346,0.20000000000000004,0.0994872034938219
23,3,You are a practical engineer,0.5,0.3,0.2,0.015555555555555553,1.4854752972273346,0.20000000000000004,0.0994872034938219
23,4,You are a talented summarizer with excellent synthesis abilities,0.6,0.2,0.2,0.03555555555555555,1.370950594454669,0.2666666666666666,0.2140119062664876
24,1,You are an excellent judge with strong critical thinking skills,0.4,0.3,0.3,0.0022222222222222235,1.570950594454669,0.06666666666666672,0.01401190626648767
24,2,You are a knowledgeable and caring doctor,0.4,0.3,0.3,0.0022222222222222235,1.570950594454669,0.06666666666666672,0.01401190626648767
24,3,You are a practical engineer,0.4,0.3,0.3,0.0022222222222222235,1.570950594454669,0.06666666666666672,0.01401190626648767
24,4,You are a talented summarizer with excellent synthesis abilities,0.5,0.3,0.2,0.015555555555555553,1.4854752972273346,0.20000000000000004,0.0994872034938219
26,1,You are an excellent judge with strong critical thinking skills,0.4,0.3,0.3,0.0022222222222222235,1.570950594454669,0.06666666666666672,0.01401190626648767
26,2,You are a knowledgeable and caring doctor,0.5,0.3,0.2,0.015555555555555553,1.4854752972273346,0.20000000000000004,0.0994872034938219
26,3,You are a practical engineer,0.5,0.3,0.2,0.015555555555555553,1.4854752972273346,0.20000000000000004,0.0994872034938219
26,4,You are a talented summarizer with excellent synthesis abilities,0.6,0.2,0.2,0.03555555555555555,1.370950594454669,0.2666666666666666,0.2140119062664876
27,1,You are an excellent judge with strong critical thinking skills,0.3,0.3,0.3,0.0,1.584962500721156,0.0,3.2034265038149176e-16
27,2,You are a knowledgeable and caring doctor,0.3,0.3,0.3,0.0,1.584962500721156,0.0,3.2034265038149176e-16
27,3,You are a practical engineer,0.3,0.3,0.3,0.0,1.584962500721156,0.0,3.2034265038149176e-16
27,4,You are a talented summarizer with excellent synthesis abilities,0.3,0.3,0.4,0.002222222222222224,1.570950594454669,0.06666666666666672,0.01401190626648767
28,1,You are an excellent judge with strong critical thinking skills,0.3,0.3,0.3,0.0,1.584962500721156,0.0,3.2034265038149176e-16
28,2,You are a knowledgeable and caring doctor,0.3,0.4,0.3,0.0022222222222222235,1.570950594454669,0.06666666666666672,0.01401190626648767
28,3,You are a practical engineer,0.3,0.5,0.2,0.015555555555555553,1.4854752972273346,0.20000000000000004,0.0994872034938219
28,4,You are a talented summarizer with excellent synthesis abilities,0.2,0.6,0.2,0.03555555555555555,1.370950594454669,0.2666666666666666,0.2140119062664876
29,1,You are an excellent judge with strong critical thinking skills,0.3,0.4,0.3,0.0022222222222222235,1.570950594454669,0.06666666666666672,0.01401190626648767
29,2,You are a knowledgeable and caring doctor,0.3,0.4,0.3,0.0022222222222222235,1.570950594454669,0.06666666666666672,0.01401190626648767
29,3,You are a practical engineer,0.3,0.4,0.3,0.0022222222222222235,1.570950594454669,0.06666666666666672,0.01401190626648767
29,4,You are a talented summarizer with excellent synthesis abilities,0.3,0.5,0.2,0.015555555555555553,1.4854752972273346,0.20000000000000004,0.0994872034938219
30,1,You are an excellent judge with strong critical thinking skills,0.4,0.3,0.3,0.0022222222222222235,1.570950594454669,0.06666666666666672,0.01401190626648767
30,2,You are a knowledgeable and caring doctor,0.4,0.3,0.3,0.0022222222222222235,1.570950594454669,0.06666666666666672,0.01401190626648767
30,3,You are a practical engineer,0.4,0.3,0.3,0.0022222222222222235,1.570950594454669,0.06666666666666672,0.01401190626648767
30,4,You are a talented summarizer with excellent synthesis abilities,0.4,0.3,0.2,0.006666666666666668,1.5304930567574826,0.14814814814814806,0.054469443963674036
31,1,You are an excellent judge with strong critical thinking skills,0.3,0.3,0.4,0.002222222222222224,1.570950594454669,0.06666666666666672,0.01401190626648767
31,2,You are a knowledgeable and caring doctor,0.3,0.3,0.4,0.002222222222222224,1.570950594454669,0.06666666666666672,0.01401190626648767
31,3,You are a practical engineer,0.2,0.3,0.5,0.015555555555555553,1.4854752972273346,0.20000000000000004,0.0994872034938219
31,4,You are a talented summarizer with excellent synthesis abilities,0.2,0.3,0.5,0.015555555555555553,1.4854752972273346,0.20000000000000004,0.0994872034938219
33,1,You are an excellent judge with strong critical thinking skills,0.4,0.4,0.2,0.00888888888888889,1.5219280948873626,0.1333333333333333,0.06303440583379405
33,2,You are a knowledgeable and caring doctor,0.4,0.4,0.2,0.00888888888888889,1.5219280948873626,0.1333333333333333,0.06303440583379405
33,3,You are a practical engineer,0.4,0.4,0.2,0.00888888888888889,1.5219280948873626,0.1333333333333333,0.06303440583379405
33,4,You are a talented summarizer with excellent synthesis abilities,0.4,0.4,0.2,0.00888888888888889,1.5219280948873626,0.1333333333333333,0.06303440583379405
34,1,You are an excellent judge with strong critical thinking skills,0.4,0.3,0.3,0.0022222222222222235,1.570950594454669,0.06666666666666672,0.01401190626648767
34,2,You are a knowledgeable and caring doctor,0.4,0.3,0.3,0.0022222222222222235,1.570950594454669,0.06666666666666672,0.01401190626648767
34,3,You are a practical engineer,0.4,0.3,0.3,0.0022222222222222235,1.570950594454669,0.06666666666666672,0.01401190626648767
34,4,You are a talented summarizer with excellent synthesis abilities,0.4,0.3,0.3,0.0022222222222222235,1.570950594454669,0.06666666666666672,0.01401190626648767
36,1,You are an excellent judge with strong critical thinking skills,0.3,0.3,0.3,0.0,1.584962500721156,0.0,3.2034265038149176e-16
36,2,You are a knowledgeable and caring doctor,0.3,0.3,0.3,0.0,1.584962500721156,0.0,3.2034265038149176e-16
36,3,You are a practical engineer,0.3,0.3,0.3,0.0,1.584962500721156,0.0,3.2034265038149176e-16
36,4,You are a talented summarizer with excellent synthesis abilities,0.3,0.3,0.4,0.002222222222222224,1.570950594454669,0.06666666666666672,0.01401190626648767
37,1,You are an excellent judge with strong critical thinking skills,0.3,0.3,0.3,0.0,1.584962500721156,0.0,3.2034265038149176e-16
37,2,You are a knowledgeable and caring doctor,0.3,0.3,0.3,0.0,1.584962500721156,0.0,3.2034265038149176e-16
37,3,You are a practical engineer,0.4,0.3,0.3,0.0022222222222222235,1.570950594454669,0.06666666666666672,0.01401190626648767
37,4,You are a talented summarizer with excellent synthesis abilities,0.4,0.3,0.3,0.0022222222222222235,1.570950594454669,0.06666666666666672,0.01401190626648767
40,1,You are an excellent judge with strong critical thinking skills,0.4,0.3,0.3,0.0022222222222222235,1.570950594454669,0.06666666666666672,0.01401190626648767
40,2,You are a knowledgeable and caring doctor,0.4,0.3,0.3,0.0022222222222222235,1.570950594454669,0.06666666666666672,0.01401190626648767
40,3,You are a practical engineer,0.5,0.3,0.2,0.015555555555555553,1.4854752972273346,0.20000000000000004,0.0994872034938219
40,4,You are a talented summarizer with excellent synthesis abilities,0.5,0.3,0.2,0.015555555555555553,1.4854752972273346,0.20000000000000004,0.0994872034938219
41,1,You are an excellent judge with strong critical thinking skills,0.4,0.4,0.2,0.00888888888888889,1.5219280948873626,0.1333333333333333,0.06303440583379405
41,2,You are a knowledgeable and caring doctor,0.3,0.3,0.4,0.002222222222222224,1.570950594454669,0.06666666666666672,0.01401190626648767
41,3,You are a practical engineer,0.3,0.3,0.4,0.002222222222222224,1.570950594454669,0.06666666666666672,0.01401190626648767
41,4,You are a talented summarizer with excellent synthesis abilities,0.3,0.3,0.4,0.002222222222222224,1.570950594454669,0.06666666666666672,0.01401190626648767
42,1,You are an excellent judge with strong critical thinking skills,0.3,0.3,0.4,0.002222222222222224,1.570950594454669,0.06666666666666672,0.01401190626648767
42,2,You are a knowledgeable and caring doctor,0.3,0.3,0.4,0.002222222222222224,1.570950594454669,0.06666666666666672,0.01401190626648767
42,3,You are a practical engineer,0.3,0.3,0.4,0.002222222222222224,1.570950594454669,0.06666666666666672,0.01401190626648767
42,4,You are a talented summarizer with excellent synthesis abilities,0.3,0.3,0.4,0.002222222222222224,1.570950594454669,0.06666666666666672,0.01401190626648767
43,1,You are an excellent judge with strong critical thinking skills,0.3,0.4,0.3,0.0022222222222222235,1.570950594454669,0.06666666666666672,0.01401190626648767
43,2,You are a knowledgeable and caring doctor,0.3,0.4,0.3,0.0022222222222222235,1.570950594454669,0.06666666666666672,0.01401190626648767
43,3,You are a practical engineer,0.3,0.4,0.3,0.0022222222222222235,1.570950594454669,0.06666666666666672,0.01401190626648767
43,4,You are a talented summarizer with excellent synthesis abilities,0.3,0.5,0.2,0.015555555555555553,1.4854752972273346,0.20000000000000004,0.0994872034938219
44,1,You are an excellent judge with strong critical thinking skills,0.3,0.3,0.3,0.0,1.584962500721156,0.0,3.2034265038149176e-16
44,2,You are a knowledgeable and caring doctor,0.3,0.3,0.4,0.002222222222222224,1.570950594454669,0.06666666666666672,0.01401190626648767
44,3,You are a practical engineer,0.3,0.3,0.4,0.002222222222222224,1.570950594454669,0.06666666666666672,0.01401190626648767
44,4,You are a talented summarizer with excellent synthesis abilities,0.3,0.3,0.4,0.002222222222222224,1.570950594454669,0.06666666666666672,0.01401190626648767
47,1,You are an excellent judge with strong critical thinking skills,0.3,0.3,0.3,0.0,1.584962500721156,0.0,3.2034265038149176e-16
47,2,You are a knowledgeable and caring doctor,0.3,0.3,0.3,0.0,1.584962500721156,0.0,3.2034265038149176e-16
47,3,You are a practical engineer,0.3,0.3,0.4,0.002222222222222224,1.570950594454669,0.06666666666666672,0.01401190626648767
47,4,You are a talented summarizer with excellent synthesis abilities,0.3,0.3,0.4,0.002222222222222224,1.570950594454669,0.06666666666666672,0.01401190626648767
48,1,You are an excellent judge with strong critical thinking skills,0.3,0.4,0.3,0.0022222222222222235,1.570950594454669,0.06666666666666672,0.01401190626648767
48,2,You are a knowledgeable and caring doctor,0.3,0.4,0.3,0.0022222222222222235,1.570950594454669,0.06666666666666672,0.01401190626648767
48,3,You are a practical engineer,0.3,0.4,0.3,0.0022222222222222235,1.570950594454669,0.06666666666666672,0.01401190626648767
48,4,You are a talented summarizer with excellent synthesis abilities,0.2,0.4,0.3,0.006666666666666668,1.5304930567574826,0.14814814814814806,0.05446944396367349
52,1,You are an excellent judge with strong critical thinking skills,0.3,0.3,0.3,0.0,1.584962500721156,0.0,3.2034265038149176e-16
52,2,You are a knowledgeable and caring doctor,0.3,0.3,0.3,0.0,1.584962500721156,0.0,3.2034265038149176e-16
52,3,You are a practical engineer,0.3,0.3,0.3,0.0,1.584962500721156,0.0,3.2034265038149176e-16
52,4,You are a talented summarizer with excellent synthesis abilities,0.3,0.4,0.3,0.0022222222222222235,1.570950594454669,0.06666666666666672,0.01401190626648767
54,1,You are an excellent judge with strong critical thinking skills,0.3,0.3,0.3,0.0,1.584962500721156,0.0,3.2034265038149176e-16
54,2,You are a knowledgeable and caring doctor,0.3,0.3,0.4,0.002222222222222224,1.570950594454669,0.06666666666666672,0.01401190626648767
54,3,You are a practical engineer,0.3,0.3,0.3,0.0,1.584962500721156,0.0,3.2034265038149176e-16
54,4,You are a talented summarizer with excellent synthesis abilities,0.3,0.3,0.4,0.002222222222222224,1.570950594454669,0.06666666666666672,0.01401190626648767
55,1,You are an excellent judge with strong critical thinking skills,0.3,0.3,0.4,0.002222222222222224,1.570950594454669,0.06666666666666672,0.01401190626648767
55,2,You are a knowledgeable and caring doctor,0.3,0.3,0.4,0.002222222222222224,1.570950594454669,0.06666666666666672,0.01401190626648767
55,3,You are a practical engineer,0.2,0.2,0.6,0.035555555555555556,1.370950594454669,0.2666666666666666,0.21401190626648764
55,4,You are a talented summarizer with excellent synthesis abilities,0.2,0.2,0.6,0.035555555555555556,1.370950594454669,0.2666666666666666,0.21401190626648764
56,1,You are an excellent judge with strong critical thinking skills,0.3,0.3,0.4,0.002222222222222224,1.570950594454669,0.06666666666666672,0.01401190626648767
56,2,You are a knowledgeable and caring doctor,0.3,0.3,0.4,0.002222222222222224,1.570950594454669,0.06666666666666672,0.01401190626648767
56,3,You are a practical engineer,0.3,0.3,0.4,0.002222222222222224,1.570950594454669,0.06666666666666672,0.01401190626648767
56,4,You are a talented summarizer with excellent synthesis abilities,0.3,0.3,0.4,0.002222222222222224,1.570950594454669,0.06666666666666672,0.01401190626648767
59,1,You are an excellent judge with strong critical thinking skills,0.4,0.4,0.2,0.00888888888888889,1.5219280948873626,0.1333333333333333,0.06303440583379405
59,2,You are a knowledgeable and caring doctor,0.3,0.4,0.3,0.0022222222222222235,1.570950594454669,0.06666666666666672,0.01401190626648767
59,3,You are a practical engineer,0.3,0.5,0.2,0.015555555555555553,1.4854752972273346,0.20000000000000004,0.0994872034938219
59,4,You are a talented summarizer with excellent synthesis abilities,0.3,0.5,0.2,0.015555555555555553,1.4854752972273346,0.20000000000000004,0.0994872034938219
60,1,You are an excellent judge with strong critical thinking skills,0.3,0.3,0.3,0.0,1.584962500721156,0.0,3.2034265038149176e-16
60,2,You are a knowledgeable and caring doctor,0.3,0.3,0.3,0.0,1.584962500721156,0.0,3.2034265038149176e-16
60,3,You are a practical engineer,0.3,0.3,0.4,0.002222222222222224,1.570950594454669,0.06666666666666672,0.01401190626648767
60,4,You are a talented summarizer with excellent synthesis abilities,0.3,0.3,0.4,0.002222222222222224,1.570950594454669,0.06666666666666672,0.01401190626648767
61,1,You are an excellent judge with strong critical thinking skills,0.3,0.4,0.3,0.0022222222222222235,1.570950594454669,0.06666666666666672,0.01401190626648767
61,2,You are a knowledgeable and caring doctor,0.3,0.4,0.3,0.0022222222222222235,1.570950594454669,0.06666666666666672,0.01401190626648767
61,3,You are a practical engineer,0.3,0.4,0.3,0.0022222222222222235,1.570950594454669,0.06666666666666672,0.01401190626648767
61,4,You are a talented summarizer with excellent synthesis abilities,0.3,0.4,0.3,0.0022222222222222235,1.570950594454669,0.06666666666666672,0.01401190626648767
62,1,You are an excellent judge with strong critical thinking skills,0.3,0.3,0.4,0.002222222222222224,1.570950594454669,0.06666666666666672,0.01401190626648767
62,2,You are a knowledgeable and caring doctor,0.3,0.3,0.4,0.002222222222222224,1.570950594454669,0.06666666666666672,0.01401190626648767
62,3,You are a practical engineer,0.3,0.3,0.4,0.002222222222222224,1.570950594454669,0.06666666666666672,0.01401190626648767
62,4,You are a talented summarizer with excellent synthesis abilities,0.3,0.3,0.4,0.002222222222222224,1.570950594454669,0.06666666666666672,0.01401190626648767
64,1,You are an excellent judge with strong critical thinking skills,0.3,0.3,0.3,0.0,1.584962500721156,0.0,3.2034265038149176e-16
64,2,You are a knowledgeable and caring doctor,0.3,0.3,0.4,0.002222222222222224,1.570950594454669,0.06666666666666672,0.01401190626648767
64,3,You are a practical engineer,0.3,0.3,0.4,0.002222222222222224,1.570950594454669,0.06666666666666672,0.01401190626648767
64,4,You are a talented summarizer with excellent synthesis abilities,0.2,0.2,0.6,0.035555555555555556,1.370950594454669,0.2666666666666666,0.21401190626648764
65,1,You are an excellent judge with strong critical thinking skills,0.3,0.3,0.3,0.0,1.584962500721156,0.0,3.2034265038149176e-16
65,2,You are a knowledgeable and caring doctor,0.3,0.4,0.3,0.0022222222222222235,1.570950594454669,0.06666666666666672,0.01401190626648767
65,3,You are a practical engineer,0.3,0.3,0.3,0.0,1.584962500721156,0.0,3.2034265038149176e-16
65,4,You are a talented summarizer with excellent synthesis abilities,0.3,0.4,0.3,0.0022222222222222235,1.570950594454669,0.06666666666666672,0.01401190626648767
66,1,You are an excellent judge with strong critical thinking skills,0.3,0.4,0.3,0.0022222222222222235,1.570950594454669,0.06666666666666672,0.01401190626648767
66,2,You are a knowledgeable and caring doctor,0.3,0.5,0.2,0.015555555555555553,1.4854752972273346,0.20000000000000004,0.0994872034938219
66,3,You are a practical engineer,0.3,0.5,0.2,0.015555555555555553,1.4854752972273346,0.20000000000000004,0.0994872034938219
66,4,You are a talented summarizer with excellent synthesis abilities,0.3,0.5,0.2,0.015555555555555553,1.4854752972273346,0.20000000000000004,0.0994872034938219
67,1,You are an excellent judge with strong critical thinking skills,0.3,0.4,0.3,0.0022222222222222235,1.570950594454669,0.06666666666666672,0.01401190626648767
67,2,You are a knowledgeable and caring doctor,0.3,0.5,0.2,0.015555555555555553,1.4854752972273346,0.20000000000000004,0.0994872034938219
67,3,You are a practical engineer,0.3,0.5,0.2,0.015555555555555553,1.4854752972273346,0.20000000000000004,0.0994872034938219
67,4,You are a talented summarizer with excellent synthesis abilities,0.3,0.5,0.2,0.015555555555555553,1.4854752972273346,0.20000000000000004,0.0994872034938219
70,1,You are an excellent judge with strong critical thinking skills,0.3,0.4,0.3,0.0022222222222222235,1.570950594454669,0.06666666666666672,0.01401190626648767
70,2,You are a knowledgeable and caring doctor,0.3,0.4,0.3,0.0022222222222222235,1.570950594454669,0.06666666666666672,0.01401190626648767
70,3,You are a practical engineer,0.3,0.4,0.3,0.0022222222222222235,1.570950594454669,0.06666666666666672,0.01401190626648767
70,4,You are a talented summarizer with excellent synthesis abilities,0.3,0.4,0.3,0.0022222222222222235,1.570950594454669,0.06666666666666672,0.01401190626648767
71,1,You are an excellent judge with strong critical thinking skills,0.4,0.3,0.3,0.0022222222222222235,1.570950594454669,0.06666666666666672,0.01401190626648767
71,2,You are a knowledgeable and caring doctor,0.5,0.2,0.3,0.015555555555555557,1.4854752972273346,0.20000000000000004,0.0994872034938219
71,3,You are a practical engineer,0.5,0.2,0.3,0.015555555555555557,1.4854752972273346,0.20000000000000004,0.0994872034938219
71,4,You are a talented summarizer with excellent synthesis abilities,0.6,0.2,0.2,0.03555555555555555,1.370950594454669,0.2666666666666666,0.2140119062664876
72,1,You are an excellent judge with strong critical thinking skills,0.3,0.5,0.2,0.015555555555555553,1.4854752972273346,0.20000000000000004,0.0994872034938219
72,2,You are a knowledgeable and caring doctor,0.3,0.5,0.2,0.015555555555555553,1.4854752972273346,0.20000000000000004,0.0994872034938219
72,3,You are a practical engineer,0.2,0.5,0.3,0.015555555555555557,1.4854752972273346,0.20000000000000004,0.0994872034938219
72,4,You are a talented summarizer with excellent synthesis abilities,0.2,0.6,0.2,0.03555555555555555,1.370950594454669,0.2666666666666666,0.2140119062664876
73,1,You are an excellent judge with strong critical thinking skills,0.3,0.4,0.3,0.0022222222222222235,1.570950594454669,0.06666666666666672,0.01401190626648767
73,2,You are a knowledgeable and caring doctor,0.3,0.4,0.3,0.0022222222222222235,1.570950594454669,0.06666666666666672,0.01401190626648767
73,3,You are a practical engineer,0.3,0.4,0.3,0.0022222222222222235,1.570950594454669,0.06666666666666672,0.01401190626648767
73,4,You are a talented summarizer with excellent synthesis abilities,0.2,0.4,0.3,0.006666666666666668,1.5304930567574826,0.14814814814814806,0.05446944396367349
74,1,You are an excellent judge with strong critical thinking skills,0.3,0.3,0.4,0.002222222222222224,1.570950594454669,0.06666666666666672,0.01401190626648767
74,2,You are a knowledgeable and caring doctor,0.3,0.3,0.4,0.002222222222222224,1.570950594454669,0.06666666666666672,0.01401190626648767
74,3,You are a practical engineer,0.2,0.2,0.6,0.035555555555555556,1.370950594454669,0.2666666666666666,0.21401190626648764
74,4,You are a talented summarizer with excellent synthesis abilities,0.3,0.3,0.4,0.002222222222222224,1.570950594454669,0.06666666666666672,0.01401190626648767
75,1,You are an excellent judge with strong critical thinking skills,0.3,0.2,0.5,0.015555555555555553,1.4854752972273346,0.20000000000000004,0.0994872034938219
75,2,You are a knowledgeable and caring doctor,0.3,0.2,0.5,0.015555555555555553,1.4854752972273346,0.20000000000000004,0.0994872034938219
75,3,You are a practical engineer,0.3,0.3,0.4,0.002222222222222224,1.570950594454669,0.06666666666666672,0.01401190626648767
75,4,You are a talented summarizer with excellent synthesis abilities,0.2,0.2,0.6,0.035555555555555556,1.370950594454669,0.2666666666666666,0.21401190626648764
76,1,You are an excellent judge with strong critical thinking skills,0.3,0.4,0.3,0.0022222222222222235,1.570950594454669,0.06666666666666672,0.01401190626648767
76,2,You are a knowledgeable and caring doctor,0.3,0.5,0.2,0.015555555555555553,1.4854752972273346,0.20000000000000004,0.0994872034938219
76,3,You are a practical engineer,0.3,0.5,0.2,0.015555555555555553,1.4854752972273346,0.20000000000000004,0.0994872034938219
76,4,You are a talented summarizer with excellent synthesis abilities,0.3,0.5,0.2,0.015555555555555553,1.4854752972273346,0.20000000000000004,0.0994872034938219
77,1,You are an excellent judge with strong critical thinking skills,0.3,0.4,0.3,0.0022222222222222235,1.570950594454669,0.06666666666666672,0.01401190626648767
77,2,You are a knowledgeable and caring doctor,0.3,0.4,0.3,0.0022222222222222235,1.570950594454669,0.06666666666666672,0.01401190626648767
77,3,You are a practical engineer,0.3,0.4,0.3,0.0022222222222222235,1.570950594454669,0.06666666666666672,0.01401190626648767
77,4,You are a talented summarizer with excellent synthesis abilities,0.3,0.4,0.3,0.0022222222222222235,1.570950594454669,0.06666666666666672,0.01401190626648767
78,1,You are an excellent judge with strong critical thinking skills,0.3,0.4,0.3,0.0022222222222222235,1.570950594454669,0.06666666666666672,0.01401190626648767
78,2,You are a knowledgeable and caring doctor,0.3,0.4,0.3,0.0022222222222222235,1.570950594454669,0.06666666666666672,0.01401190626648767
78,3,You are a practical engineer,0.3,0.4,0.3,0.0022222222222222235,1.570950594454669,0.06666666666666672,0.01401190626648767
78,4,You are a talented summarizer with excellent synthesis abilities,0.2,0.4,0.3,0.006666666666666668,1.5304930567574826,0.14814814814814806,0.05446944396367349
80,1,You are an excellent judge with strong critical thinking skills,0.3,0.4,0.3,0.0022222222222222235,1.570950594454669,0.06666666666666672,0.01401190626648767
80,2,You are a knowledgeable and caring doctor,0.3,0.3,0.3,0.0,1.584962500721156,0.0,3.2034265038149176e-16
80,3,You are a practical engineer,0.3,0.3,0.4,0.002222222222222224,1.570950594454669,0.06666666666666672,0.01401190626648767
80,4,You are a talented summarizer with excellent synthesis abilities,0.3,0.2,0.4,0.006666666666666668,1.5304930567574826,0.14814814814814806,0.05446944396367376
81,1,You are an excellent judge with strong critical thinking skills,0.4,0.3,0.3,0.0022222222222222235,1.570950594454669,0.06666666666666672,0.01401190626648767
81,2,You are a knowledgeable and caring doctor,0.4,0.3,0.3,0.0022222222222222235,1.570950594454669,0.06666666666666672,0.01401190626648767
81,3,You are a practical engineer,0.4,0.3,0.3,0.0022222222222222235,1.570950594454669,0.06666666666666672,0.01401190626648767
81,4,You are a talented summarizer with excellent synthesis abilities,0.5,0.3,0.2,0.015555555555555553,1.4854752972273346,0.20000000000000004,0.0994872034938219
82,1,You are an excellent judge with strong critical thinking skills,0.3,0.3,0.3,0.0,1.584962500721156,0.0,3.2034265038149176e-16
82,2,You are a knowledgeable and caring doctor,0.3,0.3,0.3,0.0,1.584962500721156,0.0,3.2034265038149176e-16
82,3,You are a practical engineer,0.3,0.3,0.3,0.0,1.584962500721156,0.0,3.2034265038149176e-16
82,4,You are a talented summarizer with excellent synthesis abilities,0.3,0.3,0.4,0.002222222222222224,1.570950594454669,0.06666666666666672,0.01401190626648767
83,1,You are an excellent judge with strong critical thinking skills,0.3,0.3,0.4,0.002222222222222224,1.570950594454669,0.06666666666666672,0.01401190626648767
83,2,You are a knowledgeable and caring doctor,0.3,0.3,0.4,0.002222222222222224,1.570950594454669,0.06666666666666672,0.01401190626648767
83,3,You are a practical engineer,0.3,0.3,0.4,0.002222222222222224,1.570950594454669,0.06666666666666672,0.01401190626648767
83,4,You are a talented summarizer with excellent synthesis abilities,0.3,0.3,0.4,0.002222222222222224,1.570950594454669,0.06666666666666672,0.01401190626648767
84,1,You are an excellent judge with strong critical thinking skills,0.3,0.3,0.4,0.002222222222222224,1.570950594454669,0.06666666666666672,0.01401190626648767
84,2,You are a knowledgeable and caring doctor,0.3,0.3,0.4,0.002222222222222224,1.570950594454669,0.06666666666666672,0.01401190626648767
84,3,You are a practical engineer,0.3,0.3,0.4,0.002222222222222224,1.570950594454669,0.06666666666666672,0.01401190626648767
84,4,You are a talented summarizer with excellent synthesis abilities,0.2,0.2,0.6,0.035555555555555556,1.370950594454669,0.2666666666666666,0.21401190626648764
87,1,You are an excellent judge with strong critical thinking skills,0.4,0.3,0.3,0.0022222222222222235,1.570950594454669,0.06666666666666672,0.01401190626648767
87,2,You are a knowledgeable and caring doctor,0.4,0.2,0.3,0.006666666666666668,1.5304930567574826,0.14814814814814806,0.05446944396367349
87,3,You are a practical engineer,0.5,0.2,0.3,0.015555555555555557,1.4854752972273346,0.20000000000000004,0.0994872034938219
87,4,You are a talented summarizer with excellent synthesis abilities,0.5,0.2,0.3,0.015555555555555557,1.4854752972273346,0.20000000000000004,0.0994872034938219
89,1,You are an excellent judge with strong critical thinking skills,0.3,0.4,0.3,0.0022222222222222235,1.570950594454669,0.06666666666666672,0.01401190626648767
89,2,You are a knowledgeable and caring doctor,0.3,0.5,0.2,0.015555555555555553,1.4854752972273346,0.20000000000000004,0.0994872034938219
89,3,You are a practical engineer,0.3,0.5,0.2,0.015555555555555553,1.4854752972273346,0.20000000000000004,0.0994872034938219
89,4,You are a talented summarizer with excellent synthesis abilities,0.2,0.6,0.2,0.03555555555555555,1.370950594454669,0.2666666666666666,0.2140119062664876
90,1,You are an excellent judge with strong critical thinking skills,0.4,0.4,0.2,0.00888888888888889,1.5219280948873626,0.1333333333333333,0.06303440583379405
90,2,You are a knowledgeable and caring doctor,0.4,0.4,0.2,0.00888888888888889,1.5219280948873626,0.1333333333333333,0.06303440583379405
90,3,You are a practical engineer,0.3,0.3,0.4,0.002222222222222224,1.570950594454669,0.06666666666666672,0.01401190626648767
90,4,You are a talented summarizer with excellent synthesis abilities,0.3,0.3,0.3,0.0,1.584962500721156,0.0,3.2034265038149176e-16
92,1,You are an excellent judge with strong critical thinking skills,0.3,0.3,0.4,0.002222222222222224,1.570950594454669,0.06666666666666672,0.01401190626648767
92,2,You are a knowledgeable and caring doctor,0.3,0.3,0.4,0.002222222222222224,1.570950594454669,0.06666666666666672,0.01401190626648767
92,3,You are a practical engineer,0.3,0.3,0.4,0.002222222222222224,1.570950594454669,0.06666666666666672,0.01401190626648767
92,4,You are a talented summarizer with excellent synthesis abilities,0.2,0.2,0.6,0.035555555555555556,1.370950594454669,0.2666666666666666,0.21401190626648764
93,1,You are an excellent judge with strong critical thinking skills,0.3,0.3,0.3,0.0,1.584962500721156,0.0,3.2034265038149176e-16
93,2,You are a knowledgeable and caring doctor,0.3,0.3,0.3,0.0,1.584962500721156,0.0,3.2034265038149176e-16
93,3,You are a practical engineer,0.3,0.3,0.4,0.002222222222222224,1.570950594454669,0.06666666666666672,0.01401190626648767
93,4,You are a talented summarizer with excellent synthesis abilities,0.3,0.3,0.4,0.002222222222222224,1.570950594454669,0.06666666666666672,0.01401190626648767
94,1,You are an excellent judge with strong critical thinking skills,0.3,0.4,0.3,0.0022222222222222235,1.570950594454669,0.06666666666666672,0.01401190626648767
94,2,You are a knowledgeable and caring doctor,0.3,0.4,0.3,0.0022222222222222235,1.570950594454669,0.06666666666666672,0.01401190626648767
94,3,You are a practical engineer,0.3,0.4,0.3,0.0022222222222222235,1.570950594454669,0.06666666666666672,0.01401190626648767
94,4,You are a talented summarizer with excellent synthesis abilities,0.3,0.4,0.3,0.0022222222222222235,1.570950594454669,0.06666666666666672,0.01401190626648767
95,1,You are an excellent judge with strong critical thinking skills,0.4,0.3,0.3,0.0022222222222222235,1.570950594454669,0.06666666666666672,0.01401190626648767
95,2,You are a knowledgeable and caring doctor,0.3,0.3,0.3,0.0,1.584962500721156,0.0,3.2034265038149176e-16
95,3,You are a practical engineer,0.4,0.3,0.3,0.0022222222222222235,1.570950594454669,0.06666666666666672,0.01401190626648767
95,4,You are a talented summarizer with excellent synthesis abilities,0.4,0.3,0.3,0.0022222222222222235,1.570950594454669,0.06666666666666672,0.01401190626648767
